40457490
40483352
40511598
40446050
40485514
40513108
40516034
40492394
40553457
40461722
40424063
40515626
40491900
40561574
40525350
40479728
40450075
40546401
40490689
40450323
40500652
40577815
40476240
40446305
40476113
40543051
40541939
40511419
40544289
40544156
40449709
40540201
40517092
40458886
40502262
40557542
40439939
40512857
40441051
40517279
40540236
40579284
40546727
40569573
40478614
40485571
40485552
40506706
40490837
40423762
40498162
40449951
40544277
40545934
40493957
40474238
40461953
40415116
40536021
40421552
40481531
40465366
40544435
40450059
40570467
40577036
40493331
40512678
40478497
40544276
40576921
40479647
40481597
40533862
40575974
40531549
40563139
40517267
40450362
40465350
40435292
40579487
40490840
40424667
40437660
40483656
40536626
40448001
40424613
40511546
40460446
40542279
40434720
40513137
40560534
40546039
40478756
40546417
40502266
40470445
40433684
40474269
40517140
40506765
40493989
40490846
40415073
40533839
40484947
40449881
40569647
40536906
40455387
40577803
40483710
40537091
40544266
40517338
40519114
40415151
40530297
40530470
40557623
40483521
40537889
40546433
40479750
40450383
40460426
40418791
40530487
40523236
40498456
40524271
40542340
40483321
40433606
40497316
40498535
40519043
40437608
40579233
40554784
40459895
40579571
40454419
40579408
40479736
40462261
40489850
40540761
40481623
40472385
40555888
40478528
40546722
40544083
40555880
40544318
40459902
40532181
40553495
40483400
40523325
40497353
40449743
40563096
40528139
40442806
40462205
40524302
40433702
40457487
40455596
40575765
40489772
40525232
40421579
40545924
40421320
40423850
40489845
40563120
40483292
40468452
40575857
40517244
40465357
40488960
40560468
40568747
40461763
40569456
40513092
40435531
40579673
40543017
40557490
40489924
40540760
40415081
40450176
40466096
40471579
40474298
40476317
40542357
40536774
40459924
40517246
40515986
40553532
40517167
40579621
40554800
40543109
40577785
40522717
40479503
40522718
40563099
40447904
40506669
40495244
40505154
40500867
40459878
40546158
40511467
40512801
40544303
40489222
40444168
40579653
40535935
40512383
40424013
40493339
40418850
40437658
40441086
40556022
40512319
40532215
40474287
40579627
40483567
40537090
40577015
40481478
40458850
40557500
40444435
40421616
40481563
40470370
40554678
40439990
40497343
40498391
40569542
40513133
40426047
40525027
40421615
40532227
40483207
40568752
40544163
40478616
40455442
40544302
40570262
40497308
40530355
40533820
40524251
40458857
40468393
40489773
40517460
40535786
40512645
40472362
40462179
40489147
40543000
40517195
40444483
40466050
40476323
40517210
40523335
40476316
40483445
40536731
40493890
40456192
40546578
40483519
40571970
40517273
40517170
40497377
40474205
40512755
40498460
40544026
40484980
40495220
40517337
40575801
40577714
40546221
40540599
40440097
40434749
40458894
40532262
40500782
40492074
40489224
40479601
40535926
40444502
40493295
40474333
40437631
40545734
40518406
40492404
40485142
40470592
40537798
40470574
40415143
40525405
40569636
40478569
40570338
40571854
40490754
40506758
40540299
40418851
40536801
40536735
40497223
40465344
40448035
40546520
40484934
40517306
40452021
40497091
40543032
40472423
40569571
40497173
40528285
40554804
40526740
40516028
40512574
40518429
40546028
40450320
40489764
40525301
40420256
40460443
40579638
40468401
40466102
40512996
40481641
40576990
40481676
40546452
40472397
40424023
40531398
40420248
40537866
40481667
40518431
40540319
40437594
40478624
40440990
40483602
40511591
40526877
40571981
40568663
40563101
40505164
40478685
40493909
40518301
40512318
40543043
40542280
40555983
40523289
40512695
40435363
40440912
40479611
40435463
40513149
40518464
40440870
40450379
40553538
40571887
40493381
40540756
40515968
40460451
40563071
40489868
40518407
40455366
40546286
40517096
40489203
40532260
40515934
40571861
40449695
40479650
40542432
40575549
40554782
40517166
40459901
40576859
40546724
40560641
40449678
40471529
40546677
40543505
40557690
40415107
40456199
40483552
40522723
40556028
40489895
40579668
40455379
40476299
40533823
40498448
40537063
40483075
40418804
40542365
40442819
40454374
40513139
40458914
40544249
40450348
40546723
40483432
40481529
40522370
40434773
40500719
40542226
40442859
40504538
40542406
40536772
40537868
40466089
40511601
40434817
40560550
40519107
40561564
40502273
40540305
40546712
40425977
40545552
40495161
40470470
40418817
40536795
40456095
40518375
40484953
40472416
40434587
40448103
40444311
40544180
40531374
40457509
40485542
40540734
40512879
40542269
40479496
40448197
40545563
40457517
40455572
40525328
40502212
40530237
40554820
40543044
40485350
40433732
40536024
40513095
40506804
40526256
40415035
40560588
40440096
40462157
40423629
40526406
40493365
40444529
40434786
40465378
40450183
40577014
40449003
40479539
40515875
40457512
40479730
40493966
40483667
40444471
40525065
40556008
40528251
40517223
40553528
40557354
40424641
40577703
40546267
40437419
40485506
40481560
40442795
40459662
40542285
40489148
40474211
40450010
40513002
40537853
40533841
40483545
40454445
40561577
40504612
40448208
40502270
40543572
40465325
40528232
40537845
40506762
40420280
40500465
40568662
40449950
40579648
40536279
40518539
40490832
40515956
40472393
40493367
40421487
40542384
40523336
40450352
40533869
40504582
40515532
40570486
40555943
40535927
40525354
40479075
40489928
40415180
40466201
40439835
40515936
40504358
40497310
40485561
40504400
40543891
40450370
40555942
40455360
40479626
40455481
40522569
40415110
40483546
40546332
40478623
40500793
40525255
40456200
40569586
40415161
40526722
40460479
40433739
40542370
40446287
40579440
40523238
40543913
40446112
40448047
40526780
40515835
40542970
40449898
40555912
40570428
40498341
40457483
40542368
40493968
40446204
40524222
40513067
40563136
40444332
40544391
40459919
40522691
40470378
40519126
40515802
40546498
40517449
40483553
40441067
40455564
40513148
40418716
40464139
40537613
40490617
40536866
40464159
40522604
40575973
40494789
40464084
40450382
40543652
40435517
40446313
40448112
40516018
40554826
40505163
40450157
40498231
40440868
40530219
40472424
40478293
40454348
40561433
40478471
40517368
40484925
40577661
40525284
40493913
40418778
40501458
40450156
40544199
40420244
40543016
40458889
40570389
40505168
40518369
40511548
40530476
40448061
40532199
40513140
40449919
40498469
40579624
40546728
40424619
40561575
40479613
40483538
40537851
40435494
40465826
40528131
40448186
40543072
40568741
40481434
40452067
40483735
40444499
40513058
40440960
40441045
40546281
40442841
40539987
40492391
40528234
40458885
40560621
40517457
40511597
40421514
40577712
40579646
40528214
40526984
40533819
40546334
40483697
40456178
40542895
40468437
40500581
40468447
40545501
40484951
40523332
40512576
40493767
40532185
40483669
40478389
40545536
40516929
40537821
40540063
40530456
40464186
40545986
40506759
40450120
40498485
40546661
40526860
40525300
40484967
40418858
40481588
40524310
40483193
40495239
40492296
40435514
40489920
40472389
40483541
40546726
40455490
40454294
40537084
40533703
40456113
40470564
40481647
40498478
40498483
40460286
40546647
40537852
40495100
40524308
40446324
40444525
40433756
40530472
40568665
40525361
40540733
40442746
40440088
40484942
40450339
40474092
40533821
40476305
40462255
40492325
40563044
40458668
40481515
40563057
40579643
40553356
40542336
40489180
40579607
40579599
40575967
40544144
40545859
40456109
40479637
40576006
40561583
40504346
40543108
40457510
40579590
40504992
40497229
40497539
40437609
40493691
40577733
40518302
40448046
40536421
40577044
40540292
40561478
40576920
40440012
40468457
40449630
40448953
40444445
40546476
40517271
40466054
40450359
40493701
40512970
40424038
40483616
40458868
40426180
40426104
40481654
40468385
40448981
40532273
40570439
40522651
40515833
40478915
40512805
40464173
40542949
40544236
40478892
40543023
40478351
40501503
40444519
40543831
40577645
40459922
40528279
40530444
40542390
40537087
40451983
40492410
40512893
40544111
40444308
40535939
40433755
40535697
40424579
40505141
40450128
40504526
40444137
40512409
40540112
40459891
40444444
40479689
40546035
40468448
40479636
40571903
40483648
40434651
40531439
40512300
40546333
40483517
40524307
40512989
40495229
40517274
40483494
40489079
40554829
40450305
40448023
40518490
40532198
40440093
40446148
40479047
40542378
40518535
40452102
40512721
40512522
40517294
40473942
40454292
40500839
40502277
40546713
40495152
40579583
40579715
40434809
40553418
40493380
40544146
40500716
40557604
40579681
40454436
40543713
40448917
40543744
40579558
40533875
40457502
40546627
40484932
40448115
40506766
40505146
40470511
40479582
40481598
40448140
40498432
40454326
40570392
40464194
40426149
40483351
40502240
40504606
40530286
40513052
40513000
40489102
40433754
40478605
40512525
40455403
40415118
40506796
40498430
40433758
40420307
40446330
40526357
40518515
40497327
40472422
40545512
40424666
40512411
40579029
40517452
40528143
40450160
40536003
40576997
40456204
40446292
40579724
40557494
40530452
40474337
40490633
40531562
40518300
40420317
40526975
40545998
40497135
40464151
40562950
40546234
40460423
40544428
40511508
40437502
40468146
40537867
40530226
40553373
40517179
40575720
40420324
40426190
40530435
40435368
40479520
40526402
40424062
40500825
40420260
40518531
40450357
40478926
40489190
40478906
40449949
40514649
40485499
40494792
40424664
40483524
40568560
40537846
40421497
40568620
40426009
40441054
40537888
40571674
40524194
40528269
40512999
40525332
40544272
40464176
40575964
40544328
40470510
40440915
40484973
40568664
40471668
40560578
40519121
40542657
40472376
40464187
40426115
40553379
40423893
40420216
40546430
40523330
40465332
40513089
40511383
40465250
40449855
40492389
40516903
40481558
40543081
40441026
40479690
40579689
40517231
40516948
40470522
40450349
40452087
40525352
40515976
40517171
40502272
40506780
40579395
40515893
40478860
40522546
40459592
40442807
40536665
40571935
40536008
40433621
40454431
40448246
40526891
40512995
40517450
40517159
40449861
40524309
40457414
40454373
40504403
40464195
40460454
40561554
40560466
40479545
40421538
40450291
40418796
40481646
40555997
40517257
40483235
40420214
40554779
40504567
40523006
40544240
40462187
40526743
40466092
40542412
40522439
40439843
40435511
40490758
40545548
40478960
40541747
40505166
40485432
40546497
40481517
40553453
40570414
40525991
40478618
40424611
40441081
40450336
40579615
40479726
40424585
40505138
40544283
40498504
40554765
40546447
40493302
40441093
40524235
40448912
40526902
40515966
40542380
40536560
40415121
40515693
40557558
40483692
40560442
40426158
40579488
40439880
40560613
40421600
40457495
40543049
40525253
40442845
40570377
40537254
40462172
40456194
40418820
40458683
40517270
40423949
40468450
40543094
40568769
40532203
40478419
40513086
40481656
40424584
40490591
40483555
40483070
40523316
40495225
40505080
40537776
40441046
40577784